# project_ref=projet-production-SIMULE
20260710000001
20260710000002
20260710000003
20260710000004
20260710000005
20260710000006
20260710000007
20260710000008
20260710000009
20260710000010
20260710000011
20260710000012
20260710000013
20260710000014
20260710000015
20260710000016
20260710000017
20260710000018
20260710000019
20260710000020
20260710000021
20260710000022
20260710000023
20260710000024
20260710000025
20260710000026
20260710000027
20260710000029
20260710000030
20260710000031
20260710000032
20260710000033
20260710000034
20260710000035
20260710000036
20260710000037
20260712000038
20260712000039
20260712000040
20260712000041
20260713000042
20260713000043
20260713000044
20260713000045
20260713000046
20260713000047
20260713000048
20260713000049
20260713000050
20260713000051
20260713000052
20260713000053
20260713000054
20260713000055
20260713000056
20260713000057
20260713000058
20260713000059
20260713000060
20260713000061
20260713000062
20260713000063
20260713000064
20260713000065
20260713000066
20260713000067
20260713000068
20260713000069
20260713000070
20260713000071
20260714000072
20260714000073
20260714000074
20260714000075
20260714000076
20260714000077
20260714000078
20260714000079
20260715000080
20260715000081
20260715000082
20260715000083
20260715000084
20260716000085
20260716000086
20260716000089
20260717000090
20260717000091
20260717000092
20260717000093
20260717000094
20260717000095
20260717000096
20260717000097
20260717000098
20260717000099
20260718000100
20260718000101
20260718000102
20260718000103
20260718000104
20260718000105
20260718000106
20260718000107
20260718000108
20260718000109
20260718000110
20260718000111
20260718000112
20260718000113
20260719000114
20260719000115
20260719000116
20260719000117
20260719000118
20260719000119
20260719000120
20260719000121
20260719000122
20260721000123
20260721000124
20260722000125
20260722000126
20260722000127
20260722000128
20260723000129
20260723000130
20260723000131
20260723000132
20260723000134
20260723000135
20260723000136
20260723000137
20260723000138
20260723000139
20260723000140
20260723000141
20260723000142
20260723000143
20260724000144
20260724000145
20260724000146
20260724000147
20260724000148
20260724000149
20260724000150
20260724000151
20260724000152
20260724000153
20260724000154
20260724000155
20260724000156
20260724000157
20260724000158
20260724000159
20260724000160
20260724000161
20260724000162
20260724000164
20260724000165
20260724000166
20260724000167
20260724000168
20260724000169
20260724000170
20260724000171
20260724000172
20260724000173
20260724000174
20260724000175
20260724000176
20260724000177
20260724000178
20260724000179
20260728000180
20260728000181
20260728000182
20260729000183
20260729000184
20260729000185
20260729000186
20260729000187
20260729000188
20260729000189
20260729000190
20260731000192
20260731000193
20260801000194
20260802000195
20260806000196
20260806000197
20260806000198
20260806000199
20260812000200
20260819000216
20260819000217
20260819000218
20260820000219
20260821000220
20260822000221
20260822000222
20260823000223
20260824000224
20260824000225
20260824000226
20260824000227
20260824000228
20260824000229
20260824000230
20260824000231
